waypoints:
- latitude: 36.982271
  longitude: -122.053967
  yaw: 0.0
- latitude: 36.982455
  longitude: -122.054104
  yaw: 3.14
- latitude: 36.982715
  longitude: -122.054336
  yaw: 0
