waypoints:
- latitude: 38.161491054181276
  longitude: -122.45464431092836
  yaw: 0.0
- latitude: 38.161587576524845
  longitude: -122.4547994038464
  yaw: 1.57