waypoints:
- latitude: 36.982108
  longitude: -122.054598
  yaw: 0.0